4383.82, 5939.0, 4507.55, 1400.52, 6763.13
9485.0, 6213.55, 8614.72, 4796.51, 5224.42
8327.17, 2737.6, 5085.15, 5922.8, 1367.91
7948.41, 6339.22, 1654.75, 9536.25, 7346.14
3297.28, 6385.58, 347.06, 4848.75, 1543.47
8576.82, 828.62, 9250.43, 1911.21, 7877.58
8620.73, 4057.98, 2214.55, 9685.09, 1031.25
8924.73, 6977.2, 7686.81, 1778.31, 5995.8
6682.09, 2452.87, 6155.66, 1496.63, 9893.39
5083.11, 2300.9, 4680.84, 109.51, 9406.04
877.98, 4152.02, 2774.27, 3699.19, 5690.78
114.18, 95.99, 7867.26, 9247.53, 4185.09
4753.52, 836.9, 7033.92, 2271.1, 4334.73
3266.9, 2156.94, 3068.14, 6241.65, 2963.63
3261.7, 5510.1, 5537.11, 7948.96, 6156.36
4521.12, 6861.33, 1551.4, 7569.39, 1621.85
4102.54, 3237.51, 1788.16, 1111.02, 3672.99
9077.26, 1623.64, 3713.01, 3061.44, 49.72
4745.17, 2866.56, 2076.31, 1535.26, 2943.35
411.76, 6008.67, 4100.72, 1751.21, 4220.73
7844.2, 6359.22, 6077.87, 5225.56, 6473.04
7851.81, 6864.63, 4532.6, 1866.76, 8528.23
9840.95, 9625.96, 5435.29, 5513.48, 1887.12
2529.89, 4744.19, 2024.31, 9801.91, 3177.13
9854.26, 1947.21, 7123.56, 7648.32, 2930.0
6342.45, 1660.87, 9593.27, 8618.33, 8511.46
1605.22, 4616.94, 6361.37, 5482.09, 2561.53
8252.36, 493.83, 689.54, 1188.66, 4800.73
9643.01, 6323.03, 8530.72, 2261.33, 1084.62
8760.33, 1114.4, 4004.3, 4932.86, 5106.29
7100.72, 6435.45, 2992.89, 4388.17, 2919.62
809.19, 9660.54, 6178.43, 81.28, 9720.58
2176.73, 5734.13, 4545.9, 7178.44, 9973.61
3968.2, 6410.06, 6907.47, 8836.58, 6692.19
7902.07, 1424.17, 1824.62, 8209.43, 551.15
9591.12, 8392.5, 5971.71, 3767.68, 5053.12
2383.27, 435.12, 6754.52, 1296.67, 2453.74
2958.5, 6188.23, 4271.1, 3160.76, 3448.24
9128.58, 5188.66, 5208.63, 6535.96, 4426.11
9103.9, 4233.88, 553.78, 7000.94, 5759.24
5493.45, 2344.2, 2712.65, 3036.76, 6393.59
9324.17, 649.83, 3945.08, 6511.96, 7170.8
2183.28, 3769.48, 1795.11, 1688.07, 6445.28
8742.06, 1090.7, 4620.48, 996.58, 4547.62
7469.72, 521.11, 8621.94, 1689.2, 2260.35
5246.49, 4062.17, 7243.77, 1628.55, 1912.81
5646.39, 1671.7, 9022.78, 4994.64, 2995.7
303.2, 1562.16, 6227.14, 5354.63, 1362.91
296.73, 2930.73, 4700.4, 9076.62, 9409.97
2007.25, 4108.21, 5905.58, 4951.55, 7942.34
3414.23, 2542.55, 5960.12, 1308.43, 2541.47
3521.14, 6400.64, 2336.52, 3064.79, 7573.2
817.35, 6141.92, 3385.52, 836.66, 8333.98
9392.05, 8102.32, 7039.29, 9239.8, 5528.1
6612.42, 5515.7, 5844.2, 7230.83, 2398.9
8967.98, 1192.8, 751.8, 9122.38, 658.63
5065.44, 7046.08, 9161.45, 8810.66, 8580.36
3706.44, 9190.16, 2908.28, 6127.42, 6363.76
5741.06, 7091.47, 3249.51, 9125.59, 2097.56
1227.09, 2205.02, 2156.06, 528.55, 892.93
108.23, 2683.0, 6785.2, 4608.11, 8855.51
9558.05, 7627.9, 265.78, 6805.47, 2389.86
4509.95, 4978.31, 7427.99, 3044.06, 3974.11
5792.22, 8825.83, 4080.94, 5524.0, 4955.0
7746.0, 1753.01, 1999.41, 4048.33, 6166.0
3017.31, 32.76, 7886.53, 1159.77, 124.41
8696.52, 9001.72, 9615.33, 4391.88, 2030.76
2212.21, 4139.75, 7714.77, 9488.69, 2996.44
1895.43, 244.14, 8728.77, 5020.71, 2789.92
2726.0, 8483.54, 6896.34, 1872.47, 447.99
9548.49, 2946.0, 4066.75, 94.09, 3115.34
4147.62, 8600.36, 5415.76, 1440.08, 2105.91
6963.09, 5359.27, 4427.57, 8281.06, 6940.33
3077.27, 2076.51, 9242.65, 9007.62, 513.97
5463.79, 2619.07, 9771.71, 2154.2, 8903.23
5309.96, 8990.8, 2402.53, 3807.16, 2620.19
5209.79, 835.25, 3065.11, 7307.34, 6458.64
9724.05, 6904.59, 9269.41, 158.3, 3385.21
4342.71, 7059.69, 7207.9, 8031.67, 7324.43
2092.86, 1783.97, 2489.02, 6637.7, 9073.31
5431.9, 4873.27, 8728.21, 5554.02, 9269.5
3817.33, 7923.79, 2903.49, 1607.36, 5742.5
6039.7, 6984.13, 9867.98, 2322.28, 2652.02
2059.69, 6543.74, 1485.33, 8504.83, 1640.83
4572.14, 6214.52, 1977.89, 398.89, 6286.03
8518.0, 9139.11, 8643.19, 7672.93, 966.14
6430.4, 7329.25, 5162.11, 6136.61, 2779.31
9863.23, 5847.97, 7830.33, 464.57, 3053.9
1747.16, 5051.45, 9645.2, 3394.58, 2682.59
1756.28, 6096.82, 5710.75, 2823.32, 879.3
3721.63, 433.72, 4021.7, 8479.73, 5693.33
5510.72, 7110.2, 7667.41, 6595.45, 192.76
328.73, 1548.64, 2361.41, 7149.68, 1825.61
6024.5, 1060.85, 5997.46, 8314.18, 3142.24
7740.64, 1589.22, 3323.21, 2600.99, 9763.1
1670.27, 3832.23, 502.1, 4408.75, 3575.32
8643.92, 9741.16, 904.34, 9283.36, 1834.55
8800.24, 6220.59, 1579.28, 426.52, 4920.31
418.89, 8188.03, 2591.16, 2445.97, 8284.34
7234.11, 3354.44, 4212.58, 1919.83, 9324.25
